5059,0
2669,1
2515,2
2412,3
2397,4
2291,5
2243,6
2190,7
2151,8
2138,9
2030,10
2030,11
1981,12
1935,13
1918,14
1924,15
1807,16
1760,17
1794,18
1769,19
1738,20
1719,21
1648,22
1643,23
1557,24
1591,25
1512,26
1538,27
1466,28
1492,29
1431,30
1401,31
1400,32
1416,33
1376,34
1431,35
1381,36
1383,37
1356,38
1357,39
1299,40
1315,41
1288,42
1281,43
1289,44
1208,45
1216,46
1199,47
1215,48
1259,49
1273,50
1266,51
1229,52
1264,53
1291,54
1280,55
1259,56
1263,57
1228,58
1205,59
1208,60
1152,61
1138,62
1122,63
1125,64
1106,65
1105,66
1099,67
1047,68
1069,69
1086,70
1085,71
1055,72
1039,73
1070,74
989,75
986,76
1025,77
1008,78
1002,79
1045,80
1062,81
1065,82
1055,83
1024,84
1016,85
1019,86
1062,87
973,88
1017,89
1008,90
970,91
977,92
1002,93
992,94
978,95
934,96
915,97
910,98
927,99
893,100
916,101
896,102
908,103
868,104
858,105
853,106
831,107
795,108
843,109
823,110
811,111
817,112
823,113
837,114
849,115
798,116
878,117
749,118
752,119
749,120
720,121
736,122
763,123
776,124
755,125
759,126
776,127
765,128
743,129
742,130
714,131
722,132
720,133
743,134
721,135
717,136
728,137
734,138
754,139
752,140
786,141
772,142
816,143
768,144
727,145
739,146
729,147
763,148
757,149
685,150
712,151
672,152
686,153
690,154
660,155
622,156
632,157
624,158
629,159
625,160
596,161
622,162
597,163
621,164
604,165
640,166
637,167
642,168
665,169
686,170
681,171
693,172
653,173
697,174
685,175
675,176
684,177
660,178
686,179
672,180
656,181
652,182
661,183
672,184
673,185
639,186
631,187
647,188
637,189
655,190
622,191
618,192
619,193
622,194
595,195
605,196
588,197
604,198
603,199
634,200
631,201
602,202
590,203
588,204
585,205
580,206
557,207
564,208
547,209
562,210
565,211
572,212
561,213
567,214
539,215
547,216
532,217
540,218
535,219
537,220
526,221
527,222
528,223
537,224
533,225
548,226
545,227
529,228
527,229
541,230
522,231
534,232
533,233
525,234
521,235
519,236
540,237
525,238
531,239
536,240
540,241
551,242
545,243
571,244
568,245
581,246
549,247
548,248
532,249
555,250
537,251
557,252
536,253
553,254
548,255
555,256
550,257
531,258
520,259
501,260
499,261
491,262
484,263
497,264
477,265
498,266
518,267
521,268
507,269
517,270
504,271
480,272
488,273
480,274
488,275
493,276
489,277
501,278
490,279
504,280
517,281
538,282
541,283
538,284
532,285
550,286
549,287
573,288
539,289
555,290
550,291
554,292
557,293
550,294
542,295
537,296
519,297
502,298
494,299
501,300
474,301
470,302
466,303
462,304
457,305
448,306
449,307
448,308
457,309
464,310
457,311
454,312
473,313
462,314
474,315
493,316
492,317
476,318
486,319
469,320
485,321
464,322
467,323
436,324
420,325
416,326
414,327
410,328
418,329
418,330
420,331
405,332
394,333
401,334
405,335
418,336
410,337
425,338
413,339
411,340
418,341
422,342
440,343
428,344
423,345
435,346
435,347
463,348
458,349
472,350
463,351
465,352
477,353
455,354
462,355
451,356
457,357
455,358
461,359
445,360
447,361
434,362
439,363
430,364
431,365
435,366
434,367
447,368
431,369
440,370
434,371
431,372
437,373
433,374
426,375
435,376
431,377
429,378
437,379
437,380
427,381
424,382
430,383
439,384
430,385
428,386
418,387
423,388
412,389
407,390
413,391
397,392
393,393
395,394
396,395
401,396
397,397
407,398
412,399
429,400
420,401
427,402
417,403
429,404
426,405
427,406
431,407
439,408
429,409
434,410
422,411
424,412
428,413
416,414
430,415
423,416
452,417
418,418
429,419
418,420
418,421
415,422
411,423
425,424
420,425
430,426
429,427
437,428
436,429
442,430
454,431
469,432
440,433
453,434
453,435
465,436
468,437
490,438
478,439
479,440
476,441
481,442
466,443
483,444
478,445
485,446
507,447
490,448
490,449
487,450
483,451
499,452
493,453
485,454
501,455
471,456
481,457
495,458
504,459
501,460
508,461
504,462
530,463
510,464
531,465
540,466
538,467
511,468
541,469
530,470
545,471
537,472
563,473
525,474
541,475
511,476
527,477
517,478
536,479
525,480
528,481
501,482
514,483
515,484
516,485
519,486
521,487
529,488
547,489
554,490
541,491
566,492
576,493
565,494
562,495
549,496
535,497
532,498
556,499
569,500
553,501
558,502
554,503
552,504
596,505
569,506
577,507
569,508
576,509
561,510
545,511
554,512
554,513
557,514
588,515
540,516
553,517
536,518
557,519
544,520
547,521
577,522
581,523
574,524
583,525
588,526
579,527
601,528
591,529
582,530
600,531
579,532
564,533
568,534
573,535
565,536
570,537
563,538
573,539
580,540
590,541
586,542
590,543
554,544
566,545
580,546
580,547
566,548
547,549
567,550
564,551
567,552
557,553
583,554
585,555
589,556
548,557
535,558
543,559
535,560
545,561
518,562
548,563
549,564
557,565
536,566
534,567
540,568
523,569
531,570
531,571
511,572
515,573
513,574
539,575
538,576
557,577
550,578
553,579
551,580
560,581
553,582
574,583
573,584
587,585
598,586
607,587
606,588
624,589
615,590
635,591
628,592
618,593
627,594
614,595
620,596
604,597
608,598
612,599
584,600
576,601
574,602
562,603
563,604
569,605
566,606
587,607
572,608
588,609
588,610
566,611
574,612
555,613
568,614
553,615
573,616
559,617
571,618
560,619
567,620
542,621
578,622
541,623
547,624
537,625
562,626
570,627
578,628
557,629
562,630
558,631
554,632
553,633
564,634
575,635
588,636
588,637
564,638
573,639
587,640
587,641
591,642
595,643
593,644
565,645
593,646
590,647
580,648
595,649
587,650
583,651
580,652
596,653
594,654
615,655
610,656
594,657
592,658
610,659
581,660
575,661
589,662
600,663
568,664
564,665
567,666
558,667
565,668
550,669
532,670
517,671
520,672
517,673
511,674
504,675
485,676
474,677
460,678
464,679
465,680
459,681
459,682
452,683
448,684
460,685
477,686
457,687
439,688
458,689
449,690
453,691
458,692
441,693
436,694
431,695
445,696
435,697
436,698
450,699
445,700
441,701
441,702
455,703
441,704
451,705
440,706
451,707
482,708
435,709
442,710
434,711
433,712
439,713
430,714
440,715
421,716
423,717
402,718
402,719
401,720
410,721
399,722
412,723
408,724
425,725
423,726
432,727
428,728
420,729
423,730
423,731
419,732
425,733
439,734
412,735
412,736
397,737
396,738
391,739
396,740
395,741
391,742
398,743
403,744
403,745
414,746
423,747
436,748
445,749
440,750
450,751
455,752
446,753
449,754
438,755
446,756
441,757
433,758
423,759
413,760
425,761
410,762
420,763
413,764
413,765
416,766
416,767
433,768
414,769
420,770
410,771
422,772
413,773
422,774
417,775
420,776
430,777
413,778
413,779
405,780
406,781
399,782
402,783
390,784
396,785
414,786
415,787
399,788
401,789
397,790
396,791
404,792
398,793
391,794
398,795
385,796
385,797
384,798
382,799
385,800
400,801
391,802
406,803
392,804
429,805
392,806
414,807
413,808
427,809
414,810
424,811
432,812
418,813
425,814
424,815
438,816
426,817
432,818
430,819
433,820
416,821
405,822
405,823
406,824
401,825
396,826
374,827
379,828
385,829
393,830
392,831
403,832
397,833
393,834
386,835
369,836
358,837
356,838
354,839
356,840
363,841
363,842
371,843
357,844
357,845
368,846
362,847
384,848
371,849
387,850
376,851
391,852
391,853
414,854
383,855
404,856
392,857
384,858
393,859
396,860
386,861
383,862
390,863
389,864
407,865
403,866
420,867
421,868
437,869
433,870
447,871
433,872
431,873
432,874
419,875
412,876
412,877
406,878
400,879
405,880
407,881
423,882
408,883
421,884
416,885
404,886
374,887
374,888
375,889
370,890
374,891
383,892
394,893
407,894
412,895
414,896
414,897
424,898
412,899
423,900
416,901
421,902
434,903
429,904
444,905
417,906
434,907
405,908
395,909
402,910
404,911
387,912
410,913
402,914
413,915
413,916
415,917
402,918
427,919
410,920
412,921
412,922
409,923
425,924
410,925
418,926
418,927
432,928
418,929
427,930
412,931
429,932
424,933
410,934
414,935
404,936
392,937
399,938
402,939
390,940
401,941
403,942
403,943
407,944
384,945
390,946
373,947
380,948
385,949
397,950
388,951
411,952
401,953
425,954
424,955
407,956
418,957
423,958
420,959
410,960
427,961
414,962
426,963
416,964
425,965
436,966
446,967
456,968
427,969
433,970
443,971
441,972
424,973
416,974
420,975
428,976
428,977
428,978
419,979
405,980
409,981
401,982
415,983
426,984
411,985
401,986
401,987
397,988
409,989
413,990
421,991
421,992
423,993
420,994
436,995
429,996
440,997
435,998
443,999
441,1000
455,1001
446,1002
460,1003
445,1004
436,1005
445,1006
447,1007
462,1008
454,1009
460,1010
445,1011
456,1012
463,1013
491,1014
473,1015
470,1016
488,1017
498,1018
499,1019
494,1020
501,1021
508,1022
509,1023
524,1024
498,1025
517,1026
510,1027
462,1028
468,1029
441,1030
438,1031
441,1032
433,1033
420,1034
416,1035
411,1036
399,1037
412,1038
400,1039
406,1040
405,1041
410,1042
408,1043
426,1044
419,1045
422,1046
433,1047
431,1048
417,1049
404,1050
403,1051
413,1052
415,1053
426,1054
419,1055
422,1056
414,1057
422,1058
430,1059
427,1060
431,1061
416,1062
404,1063
412,1064
412,1065
405,1066
410,1067
407,1068
420,1069
417,1070
397,1071
388,1072
409,1073
404,1074
421,1075
388,1076
383,1077
389,1078
363,1079
363,1080
359,1081
355,1082
358,1083
368,1084
367,1085
371,1086
366,1087
377,1088
368,1089
373,1090
368,1091
369,1092
361,1093
368,1094
367,1095
354,1096
369,1097
352,1098
361,1099
358,1100
362,1101
346,1102
349,1103
339,1104
341,1105
336,1106
348,1107
337,1108
352,1109
342,1110
352,1111
340,1112
348,1113
350,1114
352,1115
360,1116
361,1117
358,1118
372,1119
368,1120
376,1121
387,1122
393,1123
393,1124
393,1125
389,1126
392,1127
384,1128
396,1129
386,1130
397,1131
397,1132
392,1133
398,1134
413,1135
409,1136
419,1137
420,1138
416,1139
438,1140
446,1141
441,1142
436,1143
435,1144
443,1145
421,1146
439,1147
414,1148
415,1149
411,1150
389,1151
395,1152
388,1153
398,1154
393,1155
394,1156
411,1157
393,1158
397,1159
401,1160
407,1161
418,1162
411,1163
416,1164
417,1165
382,1166
389,1167
396,1168
391,1169
385,1170
386,1171
393,1172
395,1173
407,1174
417,1175
439,1176
444,1177
455,1178
453,1179
467,1180
470,1181
484,1182
450,1183
453,1184
464,1185
443,1186
449,1187
429,1188
434,1189
425,1190
431,1191
409,1192
407,1193
408,1194
402,1195
409,1196
426,1197
397,1198
407,1199
409,1200
418,1201
419,1202
423,1203
429,1204
396,1205
385,1206
378,1207
385,1208
374,1209
370,1210
366,1211
371,1212
353,1213
371,1214
368,1215
375,1216
370,1217
375,1218
383,1219
388,1220
392,1221
403,1222
388,1223
399,1224
385,1225
388,1226
377,1227
379,1228
387,1229
389,1230
415,1231
416,1232
416,1233
408,1234
432,1235
418,1236
417,1237
423,1238
424,1239
441,1240
419,1241
445,1242
446,1243
453,1244
457,1245
472,1246
481,1247
474,1248
489,1249
475,1250
486,1251
478,1252
534,1253
456,1254
483,1255
455,1256
479,1257
448,1258
476,1259
459,1260
456,1261
450,1262
446,1263
427,1264
431,1265
420,1266
418,1267
414,1268
415,1269
415,1270
426,1271
435,1272
435,1273
447,1274
445,1275
453,1276
460,1277
460,1278
466,1279
477,1280
469,1281
451,1282
446,1283
450,1284
448,1285
470,1286
461,1287
457,1288
445,1289
419,1290
405,1291
397,1292
394,1293
396,1294
397,1295
410,1296
382,1297
392,1298
398,1299
398,1300
411,1301
402,1302
415,1303
411,1304
426,1305
426,1306
427,1307
418,1308
420,1309
402,1310
398,1311
380,1312
382,1313
376,1314
387,1315
392,1316
389,1317
411,1318
401,1319
415,1320
421,1321
413,1322
394,1323
406,1324
394,1325
398,1326
409,1327
409,1328
396,1329
402,1330
395,1331
395,1332
392,1333
381,1334
389,1335
378,1336
394,1337
391,1338
398,1339
396,1340
416,1341
414,1342
412,1343
419,1344
429,1345
432,1346
454,1347
445,1348
461,1349
463,1350
463,1351
443,1352
456,1353
450,1354
461,1355
430,1356
414,1357
423,1358
410,1359
403,1360
400,1361
417,1362
432,1363
448,1364
442,1365
431,1366
419,1367
435,1368
436,1369
449,1370
463,1371
443,1372
455,1373
444,1374
444,1375
443,1376
457,1377
471,1378
483,1379
472,1380
455,1381
451,1382
452,1383
465,1384
465,1385
446,1386
458,1387
435,1388
438,1389
425,1390
445,1391
450,1392
450,1393
449,1394
465,1395
439,1396
454,1397
440,1398
461,1399
439,1400
448,1401
471,1402
451,1403
458,1404
441,1405
436,1406
440,1407
435,1408
443,1409
450,1410
441,1411
437,1412
449,1413
468,1414
453,1415
462,1416
462,1417
475,1418
465,1419
498,1420
463,1421
469,1422
466,1423
467,1424
477,1425
479,1426
458,1427
464,1428
455,1429
458,1430
454,1431
469,1432
445,1433
430,1434
455,1435
418,1436
419,1437
413,1438
435,1439
408,1440
411,1441
405,1442
404,1443
422,1444
417,1445
418,1446
415,1447
418,1448
414,1449
413,1450
402,1451
406,1452
404,1453
416,1454
416,1455
428,1456
426,1457
416,1458
422,1459
437,1460
432,1461
447,1462
423,1463
445,1464
422,1465
436,1466
424,1467
442,1468
444,1469
455,1470
443,1471
440,1472
429,1473
438,1474
449,1475
428,1476
418,1477
423,1478
409,1479
444,1480
410,1481
422,1482
408,1483
435,1484
418,1485
429,1486
421,1487
443,1488
413,1489
422,1490
403,1491
401,1492
393,1493
406,1494
380,1495
399,1496
382,1497
380,1498
378,1499
377,1500
389,1501
391,1502
382,1503
385,1504
387,1505
384,1506
395,1507
395,1508
393,1509
397,1510
405,1511
397,1512
397,1513
407,1514
416,1515
413,1516
421,1517
436,1518
435,1519
444,1520
429,1521
442,1522
427,1523
453,1524
441,1525
446,1526
459,1527
446,1528
467,1529
452,1530
465,1531
497,1532
489,1533
505,1534
482,1535
479,1536
461,1537
486,1538
456,1539
477,1540
471,1541
486,1542
482,1543
471,1544
478,1545
475,1546
484,1547
482,1548
517,1549
499,1550
534,1551
519,1552
573,1553
525,1554
555,1555
549,1556
533,1557
520,1558
519,1559
480,1560
480,1561
469,1562
474,1563
481,1564
487,1565
473,1566
447,1567
469,1568
449,1569
465,1570
462,1571
450,1572
461,1573
452,1574
466,1575
466,1576
485,1577
454,1578
504,1579
451,1580
486,1581
477,1582
502,1583
457,1584
443,1585
458,1586
457,1587
468,1588
475,1589
463,1590
463,1591
451,1592
456,1593
447,1594
482,1595
465,1596
454,1597
463,1598
474,1599
455,1600
472,1601
471,1602
458,1603
470,1604
468,1605
442,1606
457,1607
425,1608
418,1609
428,1610
445,1611
432,1612
440,1613
428,1614
432,1615
425,1616
419,1617
427,1618
429,1619
419,1620
415,1621
418,1622
409,1623
400,1624
395,1625
409,1626
381,1627
389,1628
380,1629
376,1630
371,1631
389,1632
380,1633
394,1634
385,1635
384,1636
388,1637
378,1638
396,1639
396,1640
409,1641
413,1642
417,1643
405,1644
393,1645
376,1646
390,1647
377,1648
372,1649
364,1650
361,1651
366,1652
379,1653
388,1654
371,1655
359,1656
353,1657
347,1658
361,1659
350,1660
364,1661
355,1662
362,1663
351,1664
340,1665
341,1666
330,1667
337,1668
341,1669
335,1670
339,1671
343,1672
348,1673
355,1674
363,1675
346,1676
350,1677
359,1678
347,1679
362,1680
358,1681
368,1682
362,1683
365,1684
367,1685
387,1686
371,1687
375,1688
369,1689
379,1690
363,1691
372,1692
364,1693
361,1694
360,1695
370,1696
370,1697
351,1698
364,1699
359,1700
353,1701
369,1702
382,1703
399,1704
395,1705
391,1706
413,1707
388,1708
390,1709
408,1710
400,1711
424,1712
389,1713
405,1714
389,1715
382,1716
391,1717
399,1718
412,1719
406,1720
437,1721
400,1722
417,1723
394,1724
406,1725
406,1726
436,1727
425,1728
433,1729
450,1730
456,1731
454,1732
453,1733
428,1734
421,1735
403,1736
413,1737
401,1738
412,1739
412,1740
417,1741
419,1742
418,1743
403,1744
429,1745
425,1746
434,1747
429,1748
437,1749
417,1750
430,1751
409,1752
444,1753
436,1754
432,1755
445,1756
453,1757
444,1758
451,1759
442,1760
436,1761
447,1762
457,1763
460,1764
447,1765
482,1766
472,1767
470,1768
463,1769
479,1770
483,1771
471,1772
466,1773
487,1774
495,1775
499,1776
521,1777
537,1778
513,1779
524,1780
496,1781
501,1782
482,1783
475,1784
498,1785
510,1786
485,1787
509,1788
500,1789
538,1790
532,1791
530,1792
514,1793
522,1794
510,1795
501,1796
516,1797
548,1798
548,1799
549,1800
551,1801
525,1802
534,1803
503,1804
522,1805
529,1806
523,1807
541,1808
537,1809
562,1810
512,1811
509,1812
512,1813
525,1814
508,1815
495,1816
487,1817
498,1818
483,1819
497,1820
475,1821
500,1822
494,1823
519,1824
551,1825
534,1826
502,1827
496,1828
516,1829
500,1830
495,1831
501,1832
488,1833
484,1834
485,1835
488,1836
484,1837
481,1838
496,1839
488,1840
483,1841
460,1842
445,1843
449,1844
443,1845
451,1846
425,1847
439,1848
447,1849
442,1850
441,1851
456,1852
460,1853
481,1854
488,1855
503,1856
513,1857
513,1858
521,1859
514,1860
503,1861
501,1862
512,1863
509,1864
485,1865
487,1866
459,1867
448,1868
462,1869
482,1870
449,1871
457,1872
439,1873
443,1874
482,1875
450,1876
454,1877
442,1878
502,1879
486,1880
507,1881
495,1882
516,1883
508,1884
522,1885
530,1886
505,1887
509,1888
492,1889
512,1890
480,1891
487,1892
492,1893
479,1894
501,1895
487,1896
490,1897
486,1898
488,1899
477,1900
481,1901
471,1902
502,1903
471,1904
486,1905
457,1906
473,1907
444,1908
454,1909
431,1910
428,1911
452,1912
455,1913
473,1914
462,1915
485,1916
479,1917
476,1918
472,1919
459,1920
490,1921
475,1922
478,1923
472,1924
488,1925
498,1926
505,1927
512,1928
495,1929
501,1930
504,1931
523,1932
489,1933
474,1934
463,1935
484,1936
464,1937
467,1938
488,1939
473,1940
496,1941
490,1942
480,1943
518,1944
493,1945
531,1946
488,1947
511,1948
466,1949
501,1950
487,1951
515,1952
514,1953
521,1954
507,1955
514,1956
521,1957
500,1958
506,1959
497,1960
520,1961
480,1962
492,1963
478,1964
506,1965
495,1966
523,1967
522,1968
564,1969
543,1970
538,1971
561,1972
563,1973
552,1974
574,1975
559,1976
570,1977
545,1978
514,1979
521,1980
514,1981
519,1982
471,1983
496,1984
490,1985
510,1986
488,1987
457,1988
439,1989
431,1990
419,1991
427,1992
434,1993
452,1994
453,1995
460,1996
453,1997
463,1998
448,1999
443,2000
419,2001
402,2002
385,2003
393,2004
392,2005
383,2006
387,2007
377,2008
366,2009
374,2010
365,2011
374,2012
351,2013
350,2014
329,2015
333,2016
324,2017
340,2018
336,2019
343,2020
336,2021
341,2022
333,2023
351,2024
342,2025
361,2026
356,2027
367,2028
371,2029
387,2030
383,2031
397,2032
390,2033
400,2034
405,2035
418,2036
407,2037
403,2038
401,2039
403,2040
403,2041
383,2042
383,2043
379,2044
403,2045
387,2046
393,2047
398,2048
409,2049
412,2050
381,2051
394,2052
397,2053
406,2054
422,2055
427,2056
421,2057
433,2058
397,2059
402,2060
389,2061
394,2062
385,2063
358,2064
358,2065
360,2066
358,2067
372,2068
380,2069
392,2070
374,2071
386,2072
367,2073
367,2074
373,2075
377,2076
375,2077
358,2078
356,2079
361,2080
354,2081
357,2082
365,2083
361,2084
370,2085
365,2086
380,2087
360,2088
377,2089
365,2090
372,2091
382,2092
366,2093
376,2094
362,2095
381,2096
359,2097
357,2098
361,2099
368,2100
392,2101
379,2102
374,2103
362,2104
369,2105
368,2106
352,2107
357,2108
346,2109
355,2110
349,2111
357,2112
353,2113
351,2114
358,2115
355,2116
364,2117
363,2118
369,2119
360,2120
367,2121
364,2122
375,2123
365,2124
390,2125
367,2126
381,2127
392,2128
387,2129
380,2130
370,2131
394,2132
359,2133
373,2134
362,2135
361,2136
353,2137
357,2138
344,2139
355,2140
334,2141
331,2142
337,2143
343,2144
356,2145
356,2146
362,2147
370,2148
369,2149
393,2150
373,2151
386,2152
375,2153
382,2154
387,2155
387,2156
401,2157
394,2158
407,2159
408,2160
410,2161
400,2162
395,2163
419,2164
409,2165
429,2166
400,2167
415,2168
399,2169
409,2170
402,2171
394,2172
371,2173
375,2174
379,2175
386,2176
388,2177
383,2178
374,2179
373,2180
399,2181
390,2182
409,2183
403,2184
403,2185
423,2186
411,2187
378,2188
395,2189
370,2190
386,2191
367,2192
366,2193
371,2194
376,2195
374,2196
368,2197
369,2198
371,2199
380,2200
383,2201
378,2202
394,2203
386,2204
387,2205
405,2206
406,2207
401,2208
386,2209
406,2210
397,2211
408,2212
402,2213
411,2214
415,2215
407,2216
402,2217
399,2218
394,2219
390,2220
390,2221
409,2222
402,2223
395,2224
401,2225
395,2226
401,2227
410,2228
407,2229
421,2230
437,2231
428,2232
432,2233
440,2234
451,2235
443,2236
418,2237
433,2238
418,2239
441,2240
425,2241
436,2242
402,2243
401,2244
399,2245
400,2246
409,2247
438,2248
423,2249
430,2250
423,2251
415,2252
402,2253
436,2254
408,2255
409,2256
438,2257
446,2258
460,2259
456,2260
460,2261
431,2262
454,2263
458,2264
450,2265
452,2266
443,2267
448,2268
453,2269
437,2270
454,2271
431,2272
449,2273
424,2274
431,2275
456,2276
462,2277
453,2278
475,2279
465,2280
491,2281
491,2282
500,2283
472,2284
495,2285
511,2286
527,2287
519,2288
520,2289
509,2290
553,2291
534,2292
515,2293
545,2294
536,2295
524,2296
537,2297
533,2298
510,2299
493,2300
523,2301
516,2302
495,2303
494,2304
491,2305
481,2306
487,2307
495,2308
491,2309
477,2310
487,2311
476,2312
449,2313
452,2314
450,2315
470,2316
447,2317
458,2318
444,2319
457,2320
456,2321
477,2322
421,2323
446,2324
436,2325
446,2326
437,2327
446,2328
459,2329
434,2330
419,2331
428,2332
421,2333
430,2334
439,2335
428,2336
427,2337
414,2338
409,2339
402,2340
423,2341
427,2342
422,2343
445,2344
436,2345
437,2346
426,2347
427,2348
434,2349
437,2350
426,2351
428,2352
434,2353
444,2354
418,2355
405,2356
405,2357
393,2358
399,2359
373,2360
378,2361
372,2362
390,2363
373,2364
384,2365
370,2366
379,2367
374,2368
391,2369
377,2370
406,2371
392,2372
394,2373
383,2374
398,2375
407,2376
407,2377
378,2378
377,2379
388,2380
402,2381
417,2382
430,2383
445,2384
443,2385
490,2386
495,2387
501,2388
531,2389
526,2390
505,2391
513,2392
521,2393
526,2394
542,2395
533,2396
532,2397
540,2398
527,2399
525,2400
511,2401
512,2402
496,2403
515,2404
504,2405
478,2406
476,2407
460,2408
457,2409
428,2410
434,2411
436,2412
435,2413
450,2414
440,2415
462,2416
440,2417
449,2418
452,2419
457,2420
419,2421
415,2422
422,2423
416,2424
439,2425
431,2426
445,2427
435,2428
426,2429
439,2430
429,2431
414,2432
405,2433
413,2434
423,2435
378,2436
385,2437
376,2438
398,2439
377,2440
404,2441
399,2442
410,2443
426,2444
432,2445
409,2446
397,2447
380,2448
384,2449
394,2450
395,2451
424,2452
398,2453
396,2454
412,2455
393,2456
392,2457
392,2458
406,2459
396,2460
404,2461
381,2462
397,2463
396,2464
401,2465
399,2466
393,2467
401,2468
405,2469
392,2470
412,2471
395,2472
412,2473
402,2474
404,2475
407,2476
388,2477
364,2478
353,2479
358,2480
355,2481
360,2482
351,2483
350,2484
346,2485
344,2486
348,2487
344,2488
356,2489
354,2490
369,2491
365,2492
364,2493
369,2494
370,2495
389,2496
377,2497
399,2498
393,2499
407,2500
404,2501
378,2502
384,2503
388,2504
370,2505
359,2506
359,2507
369,2508
372,2509
372,2510
365,2511
375,2512
373,2513
381,2514
370,2515
393,2516
385,2517
400,2518
389,2519
414,2520
397,2521
402,2522
418,2523
388,2524
402,2525
398,2526
392,2527
403,2528
394,2529
388,2530
392,2531
408,2532
391,2533
401,2534
408,2535
396,2536
395,2537
406,2538
397,2539
388,2540
410,2541
385,2542
404,2543
367,2544
372,2545
352,2546
342,2547
363,2548
328,2549
345,2550
329,2551
339,2552
319,2553
329,2554
306,2555
323,2556
317,2557
321,2558
302,2559
291,2560
302,2561
298,2562
295,2563
302,2564
302,2565
316,2566
303,2567
310,2568
295,2569
303,2570
292,2571
296,2572
297,2573
295,2574
302,2575
291,2576
294,2577
291,2578
291,2579
287,2580
283,2581
278,2582
282,2583
277,2584
281,2585
285,2586
292,2587
288,2588
284,2589
272,2590
276,2591
278,2592
281,2593
285,2594
287,2595
284,2596
280,2597
284,2598
283,2599
281,2600
283,2601
280,2602
271,2603
259,2604
264,2605
262,2606
269,2607
261,2608
258,2609
257,2610
258,2611
263,2612
262,2613
270,2614
260,2615
262,2616
262,2617
261,2618
257,2619
259,2620
258,2621
261,2622
262,2623
266,2624
258,2625
262,2626
261,2627
265,2628
265,2629
273,2630
265,2631
266,2632
268,2633
269,2634
269,2635
267,2636
267,2637
269,2638
275,2639
273,2640
278,2641
271,2642
279,2643
270,2644
268,2645
270,2646
269,2647
271,2648
271,2649
275,2650
273,2651
276,2652
279,2653
279,2654
283,2655
287,2656
301,2657
283,2658
291,2659
297,2660
313,2661
299,2662
316,2663
310,2664
302,2665
306,2666
309,2667
309,2668
318,2669
310,2670
319,2671
324,2672
334,2673
349,2674
321,2675
320,2676
328,2677
326,2678
320,2679
331,2680
327,2681
332,2682
339,2683
312,2684
316,2685
314,2686
305,2687
304,2688
303,2689
298,2690
305,2691
307,2692
314,2693
312,2694
323,2695
318,2696
318,2697
336,2698
334,2699
339,2700
316,2701
316,2702
303,2703
302,2704
297,2705
303,2706
295,2707
291,2708
288,2709
286,2710
288,2711
289,2712
285,2713
287,2714
288,2715
290,2716
286,2717
297,2718
287,2719
288,2720
289,2721
291,2722
295,2723
303,2724
294,2725
298,2726
309,2727
296,2728
298,2729
297,2730
311,2731
307,2732
322,2733
314,2734
320,2735
317,2736
338,2737
323,2738
314,2739
320,2740
325,2741
312,2742
304,2743
310,2744
310,2745
326,2746
326,2747
336,2748
340,2749
347,2750
332,2751
324,2752
322,2753
312,2754
324,2755
317,2756
319,2757
315,2758
319,2759
315,2760
327,2761
309,2762
305,2763
304,2764
302,2765
310,2766
303,2767
305,2768
312,2769
320,2770
325,2771
320,2772
343,2773
322,2774
331,2775
314,2776
308,2777
301,2778
307,2779
310,2780
307,2781
319,2782
313,2783
335,2784
329,2785
336,2786
337,2787
344,2788
344,2789
341,2790
334,2791
341,2792
341,2793
343,2794
355,2795
359,2796
369,2797
372,2798
366,2799
355,2800
376,2801
349,2802
355,2803
343,2804
351,2805
360,2806
345,2807
352,2808
347,2809
351,2810
340,2811
347,2812
349,2813
354,2814
332,2815
338,2816
327,2817
332,2818
326,2819
326,2820
335,2821
331,2822
339,2823
343,2824
353,2825
350,2826
348,2827
345,2828
344,2829
342,2830
353,2831
355,2832
361,2833
368,2834
363,2835
375,2836
388,2837
364,2838
367,2839
339,2840
334,2841
319,2842
329,2843
314,2844
310,2845
314,2846
302,2847
310,2848
307,2849
316,2850
317,2851
317,2852
316,2853
324,2854
313,2855
307,2856
300,2857
302,2858
304,2859
305,2860
307,2861
321,2862
310,2863
320,2864
325,2865
315,2866
321,2867
316,2868
320,2869
321,2870
302,2871
302,2872
304,2873
305,2874
295,2875
295,2876
298,2877
299,2878
298,2879
301,2880
306,2881
296,2882
305,2883
300,2884
300,2885
303,2886
304,2887
312,2888
293,2889
290,2890
283,2891
287,2892
279,2893
280,2894
278,2895
283,2896
280,2897
282,2898
286,2899
283,2900
291,2901
281,2902
287,2903
281,2904
278,2905
280,2906
283,2907
286,2908
287,2909
284,2910
288,2911
287,2912
295,2913
291,2914
283,2915
278,2916
280,2917
277,2918
280,2919
282,2920
288,2921
284,2922
285,2923
290,2924
282,2925
292,2926
278,2927
276,2928
274,2929
278,2930
276,2931
274,2932
278,2933
278,2934
286,2935
280,2936
279,2937
282,2938
278,2939
282,2940
278,2941
279,2942
275,2943
277,2944
278,2945
276,2946
277,2947
276,2948
276,2949
278,2950
275,2951
276,2952
278,2953
275,2954
275,2955
277,2956
280,2957
287,2958
279,2959
284,2960
280,2961
281,2962
282,2963
286,2964
281,2965
280,2966
281,2967
284,2968
279,2969
290,2970
274,2971
268,2972
264,2973
261,2974
261,2975
261,2976
261,2977
261,2978
261,2979
261,2980
261,2981
261,2982
261,2983
261,2984
261,2985
261,2986
261,2987
261,2988
261,2989
261,2990
261,2991
261,2992
261,2993
261,2994
261,2995
261,2996
261,2997
261,2998
261,2999
261,3000
261,3001
261,3002
261,3003
261,3004
261,3005
261,3006
261,3007
261,3008
261,3009
261,3010
261,3011
261,3012
261,3013
261,3014
261,3015
261,3016
261,3017
261,3018
261,3019
261,3020
261,3021
261,3022
261,3023
261,3024
261,3025
261,3026
261,3027
261,3028
261,3029
261,3030
261,3031
261,3032
261,3033
261,3034
261,3035
261,3036
261,3037
261,3038
261,3039
261,3040
261,3041
261,3042
261,3043
261,3044
261,3045
261,3046
261,3047
261,3048
261,3049
261,3050
261,3051
261,3052
261,3053
261,3054
261,3055
261,3056
261,3057
261,3058
261,3059
261,3060
261,3061
261,3062
261,3063
261,3064
261,3065
261,3066
261,3067
261,3068
261,3069
261,3070
261,3071
261,3072
261,3073
261,3074
261,3075
261,3076
261,3077
261,3078
261,3079
261,3080
261,3081
261,3082
261,3083
261,3084
261,3085
261,3086
261,3087
261,3088
261,3089
261,3090
261,3091
261,3092
261,3093
261,3094
261,3095
261,3096
261,3097
261,3098
261,3099
261,3100
261,3101
261,3102
261,3103
261,3104
261,3105
261,3106
261,3107
261,3108
261,3109
261,3110
261,3111
261,3112
261,3113
261,3114
261,3115
261,3116
261,3117
261,3118
261,3119
261,3120
261,3121
261,3122
261,3123
261,3124
261,3125
261,3126
261,3127
261,3128
261,3129
261,3130
261,3131
261,3132
261,3133
261,3134
261,3135
261,3136
261,3137
261,3138
261,3139
261,3140
261,3141
261,3142
261,3143
261,3144
261,3145
261,3146
261,3147
261,3148
261,3149
261,3150
261,3151
261,3152
261,3153
261,3154
261,3155
261,3156
261,3157
261,3158
261,3159
261,3160
261,3161
261,3162
261,3163
261,3164
261,3165
261,3166
261,3167
261,3168
261,3169
261,3170
261,3171
261,3172
261,3173
261,3174
261,3175
261,3176
261,3177
261,3178
261,3179
261,3180
261,3181
261,3182
261,3183
261,3184
261,3185
261,3186
261,3187
261,3188
261,3189
261,3190
261,3191
261,3192
261,3193
261,3194
261,3195
261,3196
261,3197
261,3198
261,3199
261,3200
261,3201
261,3202
261,3203
261,3204
261,3205
261,3206
261,3207
261,3208
261,3209
261,3210
261,3211
261,3212
261,3213
261,3214
261,3215
261,3216
261,3217
261,3218
261,3219
261,3220
261,3221
261,3222
261,3223
261,3224
261,3225
261,3226
261,3227
261,3228
261,3229
261,3230
261,3231
261,3232
261,3233
261,3234
261,3235
261,3236
261,3237
261,3238
261,3239
261,3240
261,3241
261,3242
261,3243
261,3244
261,3245
261,3246
261,3247
261,3248
261,3249
261,3250
261,3251
261,3252
261,3253
261,3254
261,3255
261,3256
261,3257
261,3258
261,3259
261,3260
261,3261
261,3262
261,3263
261,3264
261,3265
261,3266
261,3267
261,3268
261,3269
261,3270
261,3271
261,3272
261,3273
261,3274
261,3275
261,3276
261,3277
261,3278
261,3279
261,3280
261,3281
261,3282
261,3283
261,3284
261,3285
261,3286
261,3287
261,3288
261,3289
261,3290
261,3291
261,3292
261,3293
261,3294
261,3295
261,3296
261,3297
261,3298
261,3299
261,3300
261,3301
261,3302
261,3303
261,3304
261,3305
261,3306
261,3307
261,3308
261,3309
261,3310
261,3311
261,3312
261,3313
261,3314
261,3315
261,3316
261,3317
261,3318
261,3319
261,3320
261,3321
261,3322
261,3323
261,3324
261,3325
261,3326
261,3327
261,3328
261,3329
261,3330
261,3331
261,3332
261,3333
261,3334
261,3335
261,3336
261,3337
261,3338
261,3339
261,3340
261,3341
261,3342
261,3343
261,3344
261,3345
261,3346
261,3347
261,3348
261,3349
261,3350
261,3351
261,3352
261,3353
261,3354
261,3355
261,3356
261,3357
261,3358
261,3359
261,3360
261,3361
261,3362
261,3363
261,3364
261,3365
261,3366
261,3367
261,3368
261,3369
261,3370
261,3371
261,3372
261,3373
261,3374
261,3375
261,3376
261,3377
261,3378
261,3379
261,3380
261,3381
261,3382
261,3383
261,3384
261,3385
261,3386
261,3387
261,3388
261,3389
261,3390
261,3391
261,3392
261,3393
261,3394
261,3395
261,3396
261,3397
261,3398
261,3399
261,3400
261,3401
261,3402
261,3403
261,3404
261,3405
261,3406
261,3407
261,3408
261,3409
261,3410
261,3411
261,3412
261,3413
261,3414
261,3415
261,3416
261,3417
261,3418
261,3419
261,3420
261,3421
261,3422
261,3423
261,3424
261,3425
261,3426
261,3427
261,3428
261,3429
261,3430
261,3431
261,3432
261,3433
261,3434
261,3435
261,3436
261,3437
261,3438
261,3439
261,3440
261,3441
261,3442
261,3443
261,3444
261,3445
261,3446
261,3447
261,3448
261,3449
261,3450
261,3451
261,3452
261,3453
261,3454
261,3455
261,3456
261,3457
261,3458
261,3459
261,3460
261,3461
261,3462
261,3463
261,3464
261,3465
261,3466
261,3467
261,3468
261,3469
261,3470
261,3471
261,3472
261,3473
261,3474
261,3475
261,3476
261,3477
261,3478
261,3479
261,3480
261,3481
261,3482
261,3483
261,3484
261,3485
261,3486
261,3487
261,3488
261,3489
261,3490
261,3491
261,3492
261,3493
261,3494
261,3495
261,3496
261,3497
261,3498
261,3499
261,3500
261,3501
261,3502
261,3503
261,3504
261,3505
261,3506
261,3507
261,3508
261,3509
261,3510
261,3511
261,3512
261,3513
261,3514
261,3515
261,3516
261,3517
261,3518
261,3519
261,3520
261,3521
261,3522
261,3523
261,3524
261,3525
261,3526
261,3527
261,3528
261,3529
261,3530
261,3531
261,3532
261,3533
261,3534
261,3535
261,3536
261,3537
261,3538
261,3539
261,3540
261,3541
261,3542
261,3543
261,3544
261,3545
261,3546
261,3547
261,3548
261,3549
261,3550
261,3551
261,3552
261,3553
261,3554
261,3555
261,3556
261,3557
261,3558
261,3559
261,3560
261,3561
261,3562
261,3563
261,3564
261,3565
261,3566
261,3567
261,3568
261,3569
261,3570
261,3571
261,3572
261,3573
261,3574
261,3575
261,3576
261,3577
261,3578
261,3579
261,3580
261,3581
261,3582
261,3583
261,3584
261,3585
261,3586
261,3587
261,3588
261,3589
261,3590
261,3591
261,3592
261,3593
261,3594
261,3595
261,3596
261,3597
261,3598
261,3599
261,3600
261,3601
261,3602
261,3603
261,3604
261,3605
261,3606
261,3607
261,3608
261,3609
261,3610
261,3611
261,3612
261,3613
261,3614
261,3615
261,3616
261,3617
261,3618
261,3619
261,3620
261,3621
261,3622
261,3623
261,3624
261,3625
261,3626
261,3627
261,3628
261,3629
261,3630
261,3631
261,3632
261,3633
261,3634
261,3635
261,3636
261,3637
261,3638
261,3639
261,3640
261,3641
261,3642
261,3643
261,3644
261,3645
261,3646
261,3647
261,3648
261,3649
261,3650
261,3651
261,3652
261,3653
261,3654
261,3655
261,3656
261,3657
261,3658
261,3659
261,3660
261,3661
261,3662
261,3663
261,3664
261,3665
261,3666
261,3667
261,3668
261,3669
261,3670
261,3671
261,3672
261,3673
261,3674
261,3675
261,3676
261,3677
261,3678
261,3679
261,3680
261,3681
261,3682
261,3683
261,3684
261,3685
261,3686
261,3687
261,3688
261,3689
261,3690
261,3691
261,3692
261,3693
261,3694
261,3695
261,3696
261,3697
261,3698
261,3699
261,3700
261,3701
261,3702
261,3703
261,3704
261,3705
261,3706
261,3707
261,3708
261,3709
261,3710
261,3711
261,3712
261,3713
261,3714
261,3715
261,3716
261,3717
261,3718
261,3719
261,3720
261,3721
261,3722
261,3723
261,3724
261,3725
261,3726
261,3727
261,3728
261,3729
261,3730
261,3731
261,3732
261,3733
261,3734
261,3735
261,3736
261,3737
261,3738
261,3739
261,3740
261,3741
261,3742
261,3743
261,3744
261,3745
261,3746
261,3747
261,3748
261,3749
261,3750
261,3751
261,3752
261,3753
261,3754
261,3755
261,3756
261,3757
261,3758
261,3759
261,3760
261,3761
261,3762
261,3763
261,3764
261,3765
261,3766
261,3767
261,3768
261,3769
261,3770
261,3771
261,3772
261,3773
261,3774
261,3775
261,3776
261,3777
261,3778
261,3779
261,3780
261,3781
261,3782
261,3783
261,3784
261,3785
261,3786
261,3787
261,3788
261,3789
261,3790
261,3791
261,3792
261,3793
261,3794
261,3795
261,3796
261,3797
261,3798
261,3799
261,3800
261,3801
261,3802
261,3803
261,3804
261,3805
261,3806
261,3807
261,3808
261,3809
261,3810
261,3811
261,3812
261,3813
261,3814
261,3815
261,3816
261,3817
261,3818
261,3819
261,3820
261,3821
261,3822
261,3823
261,3824
261,3825
261,3826
261,3827
261,3828
261,3829
261,3830
261,3831
261,3832
261,3833
261,3834
261,3835
261,3836
261,3837
261,3838
261,3839
261,3840
261,3841
261,3842
261,3843
261,3844
261,3845
261,3846
261,3847
261,3848
261,3849
261,3850
261,3851
261,3852
261,3853
261,3854
261,3855
261,3856
261,3857
261,3858
261,3859
261,3860
261,3861
261,3862
261,3863
261,3864
261,3865
261,3866
261,3867
261,3868
261,3869
261,3870
261,3871
261,3872
261,3873
261,3874
261,3875
261,3876
261,3877
261,3878
261,3879
261,3880
261,3881
261,3882
261,3883
261,3884
261,3885
261,3886
261,3887
261,3888
261,3889
261,3890
261,3891
261,3892
261,3893
261,3894
261,3895
261,3896
261,3897
261,3898
261,3899
261,3900
261,3901
261,3902
261,3903
261,3904
261,3905
261,3906
261,3907
261,3908
261,3909
261,3910
261,3911
261,3912
261,3913
261,3914
261,3915
261,3916
261,3917
261,3918
261,3919
261,3920
261,3921
261,3922
261,3923
261,3924
261,3925
261,3926
261,3927
261,3928
261,3929
261,3930
261,3931
261,3932
261,3933
261,3934
261,3935
261,3936
261,3937
261,3938
261,3939
261,3940
261,3941
261,3942
261,3943
261,3944
261,3945
261,3946
261,3947
261,3948
261,3949
261,3950
261,3951
261,3952
261,3953
261,3954
261,3955
261,3956
261,3957
261,3958
261,3959
261,3960
261,3961
261,3962
261,3963
261,3964
261,3965
261,3966
261,3967
261,3968
261,3969
261,3970
261,3971
261,3972
261,3973
261,3974
261,3975
261,3976
261,3977
261,3978
261,3979
261,3980
261,3981
261,3982
261,3983
261,3984
261,3985
261,3986
261,3987
261,3988
261,3989
261,3990
261,3991
261,3992
261,3993
261,3994
261,3995
261,3996
261,3997
261,3998
261,3999
261,4000
261,4001
261,4002
261,4003
261,4004
261,4005
261,4006
261,4007
261,4008
261,4009
261,4010
261,4011
261,4012
261,4013
261,4014
261,4015
261,4016
261,4017
261,4018
261,4019
261,4020
261,4021
261,4022
261,4023
261,4024
261,4025
261,4026
261,4027
261,4028
261,4029
261,4030
261,4031
261,4032
261,4033
261,4034
261,4035
261,4036
261,4037
261,4038
261,4039
261,4040
261,4041
261,4042
261,4043
261,4044
261,4045
261,4046
261,4047
261,4048
261,4049
261,4050
261,4051
261,4052
261,4053
261,4054
261,4055
261,4056
261,4057
261,4058
261,4059
261,4060
261,4061
261,4062
261,4063
261,4064
261,4065
261,4066
261,4067
261,4068
261,4069
261,4070
261,4071
261,4072
261,4073
261,4074
261,4075
261,4076
261,4077
261,4078
261,4079
261,4080
261,4081
261,4082
261,4083
261,4084
261,4085
261,4086
261,4087
261,4088
261,4089
261,4090
261,4091
261,4092
261,4093
261,4094
261,4095
261,4096
261,4097
261,4098
261,4099
261,4100
261,4101
261,4102
261,4103
261,4104
261,4105
261,4106
261,4107
261,4108
261,4109
261,4110
261,4111
261,4112
261,4113
261,4114
261,4115
261,4116
261,4117
261,4118
261,4119
261,4120
261,4121
261,4122
261,4123
261,4124
261,4125
261,4126
261,4127
261,4128
261,4129
261,4130
261,4131
261,4132
261,4133
261,4134
261,4135
261,4136
261,4137
261,4138
261,4139
261,4140
261,4141
261,4142
261,4143
261,4144
261,4145
261,4146
261,4147
261,4148
261,4149
261,4150
261,4151
261,4152
261,4153
261,4154
261,4155
261,4156
261,4157
261,4158
261,4159
261,4160
261,4161
261,4162
261,4163
261,4164
261,4165
261,4166
261,4167
261,4168
261,4169
261,4170
261,4171
261,4172
261,4173
261,4174
261,4175
261,4176
261,4177
261,4178
261,4179
261,4180
261,4181
261,4182
261,4183
261,4184
261,4185
261,4186
261,4187
261,4188
261,4189
261,4190
261,4191
261,4192
261,4193
261,4194
261,4195
261,4196
261,4197
261,4198
261,4199
261,4200
261,4201
261,4202
261,4203
261,4204
261,4205
261,4206
261,4207
261,4208
261,4209
261,4210
261,4211
261,4212
261,4213
261,4214
261,4215
261,4216
261,4217
261,4218
261,4219
261,4220
261,4221
261,4222
261,4223
261,4224
261,4225
261,4226
261,4227
261,4228
261,4229
261,4230
261,4231
261,4232
261,4233
261,4234
261,4235
261,4236
261,4237
261,4238
261,4239
261,4240
261,4241
261,4242
261,4243
261,4244
261,4245
261,4246
261,4247
261,4248
261,4249
261,4250
261,4251
261,4252
261,4253
261,4254
261,4255
261,4256
261,4257
261,4258
261,4259
261,4260
261,4261
261,4262
261,4263
261,4264
261,4265
261,4266
261,4267
261,4268
261,4269
261,4270
261,4271
261,4272
261,4273
261,4274
261,4275
261,4276
261,4277
261,4278
261,4279
261,4280
261,4281
261,4282
261,4283
261,4284
261,4285
261,4286
261,4287
261,4288
261,4289
261,4290
261,4291
261,4292
261,4293
261,4294
261,4295
261,4296
261,4297
261,4298
261,4299
261,4300
261,4301
261,4302
261,4303
261,4304
261,4305
261,4306
261,4307
261,4308
261,4309
261,4310
261,4311
261,4312
261,4313
261,4314
261,4315
261,4316
261,4317
261,4318
261,4319
261,4320
261,4321
261,4322
261,4323
261,4324
261,4325
261,4326
261,4327
261,4328
261,4329
261,4330
261,4331
261,4332
261,4333
261,4334
261,4335
261,4336
261,4337
261,4338
261,4339
261,4340
261,4341
261,4342
261,4343
261,4344
261,4345
261,4346
261,4347
261,4348
261,4349
261,4350
261,4351
261,4352
261,4353
261,4354
261,4355
261,4356
261,4357
261,4358
261,4359
261,4360
261,4361
261,4362
261,4363
261,4364
261,4365
261,4366
261,4367
261,4368
261,4369
261,4370
261,4371
261,4372
261,4373
261,4374
261,4375
261,4376
261,4377
261,4378
261,4379
261,4380
261,4381
261,4382
261,4383
261,4384
261,4385
261,4386
261,4387
261,4388
261,4389
261,4390
261,4391
261,4392
261,4393
261,4394
261,4395
261,4396
261,4397
261,4398
261,4399
261,4400
261,4401
261,4402
261,4403
261,4404
261,4405
261,4406
261,4407
261,4408
261,4409
261,4410
261,4411
261,4412
261,4413
261,4414
261,4415
261,4416
261,4417
261,4418
261,4419
261,4420
261,4421
261,4422
261,4423
261,4424
261,4425
261,4426
261,4427
261,4428
261,4429
261,4430
261,4431
261,4432
261,4433
261,4434
261,4435
261,4436
261,4437
261,4438
261,4439
261,4440
261,4441
261,4442
261,4443
261,4444
261,4445
261,4446
261,4447
261,4448
261,4449
261,4450
261,4451
261,4452
261,4453
261,4454
261,4455
261,4456
261,4457
261,4458
261,4459
261,4460
261,4461
261,4462
261,4463
261,4464
261,4465
261,4466
261,4467
261,4468
261,4469
261,4470
261,4471
261,4472
261,4473
261,4474
261,4475
261,4476
261,4477
261,4478
261,4479
261,4480
261,4481
261,4482
261,4483
261,4484
261,4485
261,4486
261,4487
261,4488
261,4489
261,4490
261,4491
261,4492
261,4493
261,4494
261,4495
261,4496
261,4497
261,4498
261,4499
261,4500
261,4501
261,4502
261,4503
261,4504
261,4505
261,4506
261,4507
261,4508
261,4509
261,4510
261,4511
261,4512
261,4513
261,4514
261,4515
261,4516
261,4517
261,4518
261,4519
261,4520
261,4521
261,4522
261,4523
261,4524
261,4525
261,4526
261,4527
261,4528
261,4529
261,4530
261,4531
261,4532
261,4533
261,4534
261,4535
261,4536
261,4537
261,4538
261,4539
261,4540
261,4541
261,4542
261,4543
261,4544
261,4545
261,4546
261,4547
261,4548
261,4549
261,4550
261,4551
261,4552
261,4553
261,4554
261,4555
261,4556
261,4557
261,4558
261,4559
261,4560
261,4561
261,4562
261,4563
261,4564
261,4565
261,4566
261,4567
261,4568
261,4569
261,4570
261,4571
261,4572
261,4573
261,4574
261,4575
261,4576
261,4577
261,4578
261,4579
261,4580
261,4581
261,4582
261,4583
261,4584
261,4585
261,4586
261,4587
261,4588
261,4589
261,4590
261,4591
261,4592
261,4593
261,4594
261,4595
261,4596
261,4597
261,4598
261,4599
261,4600
261,4601
261,4602
261,4603
261,4604
261,4605
261,4606
261,4607
261,4608
261,4609
261,4610
261,4611
261,4612
261,4613
261,4614
261,4615
261,4616
261,4617
261,4618
261,4619
261,4620
261,4621
261,4622
261,4623
261,4624
261,4625
261,4626
261,4627
261,4628
261,4629
261,4630
261,4631
261,4632
261,4633
261,4634
261,4635
261,4636
261,4637
261,4638
261,4639
261,4640
261,4641
261,4642
261,4643
261,4644
261,4645
261,4646
261,4647
261,4648
261,4649
261,4650
261,4651
261,4652
261,4653
261,4654
261,4655
261,4656
261,4657
261,4658
261,4659
261,4660
261,4661
261,4662
261,4663
261,4664
261,4665
261,4666
261,4667
261,4668
261,4669
261,4670
261,4671
261,4672
261,4673
261,4674
261,4675
261,4676
261,4677
261,4678
261,4679
261,4680
261,4681
261,4682
261,4683
261,4684
261,4685
261,4686
261,4687
261,4688
261,4689
261,4690
261,4691
261,4692
261,4693
261,4694
261,4695
261,4696
261,4697
261,4698
261,4699
261,4700
261,4701
261,4702
261,4703
261,4704
261,4705
261,4706
261,4707
261,4708
261,4709
261,4710
261,4711
261,4712
261,4713
261,4714
261,4715
261,4716
261,4717
261,4718
261,4719
261,4720
261,4721
261,4722
261,4723
261,4724
261,4725
261,4726
261,4727
261,4728
261,4729
261,4730
261,4731
261,4732
261,4733
261,4734
261,4735
261,4736
261,4737
261,4738
261,4739
261,4740
261,4741
261,4742
261,4743
261,4744
261,4745
261,4746
261,4747
261,4748
261,4749
261,4750
261,4751
261,4752
261,4753
261,4754
261,4755
261,4756
261,4757
261,4758
261,4759
261,4760
261,4761
261,4762
261,4763
261,4764
261,4765
261,4766
261,4767
261,4768
261,4769
261,4770
261,4771
261,4772
261,4773
261,4774
261,4775
261,4776
261,4777
261,4778
261,4779
261,4780
261,4781
261,4782
261,4783
261,4784
261,4785
261,4786
261,4787
261,4788
261,4789
261,4790
261,4791
261,4792
261,4793
261,4794
261,4795
261,4796
261,4797
261,4798
261,4799
261,4800
261,4801
261,4802
261,4803
261,4804
261,4805
261,4806
261,4807
261,4808
261,4809
261,4810
261,4811
261,4812
261,4813
261,4814
261,4815
261,4816
261,4817
261,4818
261,4819
261,4820
261,4821
261,4822
261,4823
261,4824
261,4825
261,4826
261,4827
261,4828
261,4829
261,4830
261,4831
261,4832
261,4833
261,4834
261,4835
261,4836
261,4837
261,4838
261,4839
261,4840
261,4841
261,4842
261,4843
261,4844
261,4845
261,4846
261,4847
261,4848
261,4849
261,4850
261,4851
261,4852
261,4853
261,4854
261,4855
261,4856
261,4857
261,4858
261,4859
261,4860
261,4861
261,4862
261,4863
261,4864
261,4865
261,4866
261,4867
261,4868
261,4869
261,4870
261,4871
261,4872
261,4873
261,4874
261,4875
261,4876
261,4877
261,4878
261,4879
261,4880
261,4881
261,4882
261,4883
261,4884
261,4885
261,4886
261,4887
261,4888
261,4889
261,4890
261,4891
261,4892
261,4893
261,4894
261,4895
261,4896
261,4897
261,4898
261,4899
261,4900
261,4901
261,4902
261,4903
261,4904
261,4905
261,4906
261,4907
261,4908
261,4909
261,4910
261,4911
261,4912
261,4913
261,4914
261,4915
261,4916
261,4917
261,4918
261,4919
261,4920
261,4921
261,4922
261,4923
261,4924
261,4925
261,4926
261,4927
261,4928
261,4929
261,4930
261,4931
261,4932
261,4933
261,4934
261,4935
261,4936
261,4937
261,4938
261,4939
261,4940
261,4941
261,4942
261,4943
261,4944
261,4945
261,4946
261,4947
261,4948
261,4949
261,4950
261,4951
261,4952
261,4953
261,4954
261,4955
261,4956
